4294967278,28
4294967278,27
4294967278,26
4294967278,25
4294967278,36
4294967278,35
4294967278,34
4294967278,33
4294967278,32
4294967278,31
4294967278,30
4294967278,29
4294967279,22
4294967279,20
4294967279,17
4294967279,16
4294967279,14
4294967279,13
4294967294,104
4294967294,166
4294967294,24
4294967294,175
4294967294,183
4294967294,176
4294967294,417
4294967294,52
4294967278,123
4294967278,122
4294967278,121
4294967278,118
4294967278,117
4294967278,116
4294967278,115
4294967278,113
4294967278,111
4294967278,110
4294967278,109
4294967278,108
4294967278,107
4294967278,105
4294967278,103
4294967278,102
4294967278,101
4294967278,100
4294967278,99
4294967278,97
4294967278,95
4294967278,93
4294967278,92
4294967278,91
4294967278,86
4294967278,84
4294967278,83
4294967278,82
4294967278,81
4294967278,80
4294967278,79
4294967278,78
4294967278,75
4294967278,73
4294967278,72
4294967278,71
4294967278,70
4294967278,69
4294967278,68
4294967278,63
4294967278,61
4294967278,60
4294967278,59
4294967278,58
4294967278,57
4294967278,56
4294967278,55
4294967278,54
4294967278,53
4294967278,52
4294967278,51
4294967278,50
4294967278,49
4294967278,48
4294967278,47
4294967278,46
4294967278,45
4294967278,44
4294967278,43
4294967278,42
4294967278,41
4294967278,40
4294967278,39
4294967278,38
4294967278,37
4294967278,260
4294967279,21
4294967279,19
4294967279,15
4294967279,12
4294967279,8
4294967279,6
4294967279,4
16,74
4294967279,330
16,131
16,42
16,73
16,130
16,15
16,129
16,24
16,72
16,0
16,128
16,41
16,71
16,70
16,69
4294967279,329
16,68
16,63
16,35
16,67
16,62
16,34
16,61
16,37
16,60
16,12
16,66
16,65
16,59
16,13
16,64
16,58
16,21
4294967279,328
16,57
16,56
16,55
16,32
16,54
16,20
16,53
16,52
16,16
16,51
16,50
16,29
16,49
4294967279,327
16,48
16,47
16,46
16,45
16,44
16,43
4294967279,326
16,40
16,39
16,38
16,36
16,33
4294967279,325
16,31
16,30
16,28
16,27
16,26
16,25
4294967279,324
16,23
16,22
16,19
16,18
16,17
16,6
16,14
16,5
16,11
16,10
16,9
16,8
16,7
17,8
17,0
17,7
17,6
3,13
3,19
3,0
3,18
3,12
3,17
3,16
3,15
3,14
3,5
3,11
3,10
3,9
3,8
3,7
3,6
4294967279,323
4294967278,517
4294967294,50
4294967294,106
4294967294,184
4294967294,180
4294967294,12
4294967294,19
4294967294,61
4294967294,68
4294967294,11
4294967294,389
4294967279,322
4294967279,260
4294967279,18
4294967278,516
4294967279,269
17,5
17,4
4294967279,267
17,3
17,2
17,1
4294967279,265
4294967279,11
4294967279,264
4294967279,10
4294967279,278
4294967278,515
4294967279,321
4294967279,9
4294967279,7
4294967279,258
4294967279,5
4294967279,276
4294967278,514
4294967278,513
4294967279,256
4294967278,512
4294967278,132
16,4
4294967278,319
4294967278,131
16,3
16,2
16,1
4294967278,318
4294967278,130
4294967279,320
4294967278,317
4294967278,129
4294967278,120
4294967279,319
4294967278,128
4294967278,256
4294967279,318
4294967278,316
4294967278,127
4294967279,317
4294967278,315
4294967278,126
4294967279,316
4294967279,315
4294967278,314
4294967278,125
4294967278,255
4294967278,313
4294967278,124
4294967278,254
4294967278,248
4294967278,253
4294967278,250
4294967278,249
4294967278,119
4294967278,247
4294967278,246
4294967278,244
4294967279,314
4294967294,409
4294967294,395
4294967294,419
4294967294,407
4294967294,422
4294967294,179
4294967294,178
4294967294,411
4294967294,1017
4294967294,403
4294967294,460
4294967294,451
4294967278,312
4294967278,114
4294967278,112
4294967278,235
4294967278,232
4294967278,230
4294967278,228
4294967278,226
4294967278,106
4294967278,223
4294967278,104
4294967278,219
4294967278,216
4294967278,214
4294967279,313
4294967278,213
4294967279,312
4294967278,212
4294967279,311
4294967279,310
4294967278,311
4294967278,98
4294967279,309
4294967294,387
4294967279,308
4294967278,310
4294967278,96
4294967279,307
4294967279,306
4294967278,309
4294967278,94
4294967279,305
4294967279,304
4294967278,203
4294967278,308
4294967278,90
4294967279,303
4294967278,307
4294967278,89
4294967279,302
4294967278,306
4294967278,87
4294967278,199
4294967279,301
4294967278,198
4294967278,305
4294967278,85
4294967278,197
4294967278,196
4294967278,195
12,8
12,7
4294967278,194
12,6
12,5
4294967278,193
12,4
12,3
12,2
